reg POST blobL0 blobL2 nv-boot nv-0f
137000 00010000 00030005 00030005 . 00010015
137004 00003701 00013510 00013510 . 00013510
137040 00010000 00010000 00030005 . 00010015
137044 00003701 00013510 00013510 . 00013510
1370e0 00010000 00030005 00030005 . 00030000
1370e4 00003701 0001250e 0001250e . .
137100 00004380 00000000 00000085 00000000 00000005
137120 00000100 00001003 00001003 . 00001103
137128 00000100 00000103 00000103 . 00000103
13713c 00000100 00000103 00000103 . 00000103
137140 01200000 81200606 81200606 . 81200606
137148 01200000 81200606 81200606 . 81200606
13715c 01200000 81200606 81200606 . .
137160 00000100 00000003 00000003 00000103 00000103
137168 00000100 00000103 00000103 00000103 00000103
13717c 00000100 00000103 00000103 00000103 00000103
137180 00000000 07000103 07000102 00000103 00000103
137184 00000100 00000103 00000103 00000103 00000103
13718c 00000100 00030100 00030100 . .
137190 00000100 00000103 00000103 00000103 00000103
137198 00000100 00000103 00000103 00000103 00000103
1371c8 00000002 00030000 00030000 . .
1371cc 00000000 00030000 00030000 . .
1371d0 01200000 81200606 81200606 81200606 81200606
1371d8 01200000 81200a04 81200a04 81200404 81200404
137250 01200000 81200006 81200006 81200000 81200000
137258 01200000 81200000 81200000 81200000 81200000
13726c 01200000 8120000a 8120000a 8120000a 81200001
137270 01200000 81200004 81200000 81200002 81200000
137274 01200000 81200016 81200006 81200006 81200006
137280 01200000 81200e0e 81200e0e 81200e0e 8120000e
137288 01200000 81200016 81200004 81200006 81200004
137300 00000100 00000103 00000103 00000103 00000103
137310 01200000 81200608 81200608 81200808 81200808
137320 00000000 00000103 00000103 . .
137330 01200000 81200606 81200606 . .
137340 00000085 00000001 00000001 . .
137360 00000003 00000002 00000002 . 00000003
137390 00030001 00030003 00030003 . .
1373c0 00000000 01010000 01010000 . .
1373c4 000e6ded 0000ab60 0002330b . .
1373ec 00020000 00000d0d 00000d0d . .
1373f8 00000000 00002055 00002055 . .
